656,0,0,0,0
658,0,0,0,0
