180,0.12580457062317407,-0.2653727172052527,0.29368259912119443,-1.128109132338644
181,1.189117159166912,0.04434948255857307,1.189943904067919,0.03727886352706446
182,0.39727635443074405,0.325662009282496,0.5136966479155716,0.6866601932986662
183,-0.23713488919622705,-0.2989257142069732,0.38156197175328666,-2.2414326171885604
184,-1.4603595448977416,-0.35103029825035037,1.5019561480494925,-2.905695474855432
185,-0.19543085513346625,0.6677206333043273,0.6957327527711555,1.8555273527944576
186,0.5234547238859761,-0.22312604681121684,0.5690255536653384,-0.40293454309818405
187,0.5677173955952242,-0.115353304675466,0.5793180699416989,-0.20045895944814057
188,0.9984430666529818,0.38239651971747435,1.0691658690958328,0.3657595894511725
189,-0.2831903695690414,-0.10879024675256233,0.30336793371273385,-2.7748160909481197
190,-0.44009668364749643,-0.30895878661874576,0.5377179769976566,-2.5295090548506525
191,-1.314485166676974,0.16114382847729303,1.3243257102654584,3.019610463352125
192,0.0401567006041148,0.1441649795197577,0.1496532723442447,1.2991356391323727
193,0.848291665614866,-0.2806801413920539,0.8935211758674256,-0.3195381639340217
194,0.5732459593635895,0.19607325892286553,0.6058511803993742,0.32956631045807866
195,0.4465412178148114,-0.07210267961448835,0.4523249447190862,-0.16008751787587688
196,-0.7596819580498106,-0.14160767086639225,0.7727673710985724,-2.9573037987183786
197,-0.8593357840099998,0.08728311738866523,0.8637571025821811,3.0403693487324976
198,-0.20868012060519447,0.1937368608373049,0.2847478954845703,2.3933112065072004
199,0.16019957304504828,-0.17738933999856954,0.2390206709658055,-0.8362734528411606
200,1.0385797723684504,-0.09800954172112597,1.0431940441937384,-0.09409016873924074
201,0.6201636190846642,0.26193035098208384,0.6732090486630331,0.39962974491327663
202,-0.028453939185297372,0.13684802022174836,0.1397748449964179,1.77579903756222
203,-0.7404913717986688,-0.661889131430712,0.9931891531900541,-2.41218506132486
204,-0.587695359666796,0.3036787982119904,0.6615184413584881,2.664652174712343
205,-0.04484655330124099,-0.40307601690000183,0.40556317478658194,-1.6816013922894435
206,-0.1262656346224844,0.4916135414007954,0.5075695859438883,1.8222014651437128
207,1.666417121544498,0.18718188460104557,1.6768968605431431,0.11185708340230355
208,-0.03589922254816713,0.15093924845336915,0.1551496403580451,1.8042968933657624
209,-0.4283137385128981,-0.30459061817879274,0.5255740702141177,-2.523429882969764
210,-0.32719638877539126,-0.3425460639213611,0.47370379219051456,-2.333279728920316
211,-0.910543490703887,0.28665346828006477,0.9545992139847013,2.8365994195996445
212,-0.486786931277436,0.13508186914390308,0.5051817770208202,2.8709065706596912
213,1.6298511508475144,-0.20803677169459434,1.643074579042618,-0.12695508102382919
214,0.0025769995201585516,-0.1917406500853076,0.19175796677495116,-1.5573571089192446
215,0.4026449826305907,0.4370762093551548,0.5942714824235299,0.8263783727235728
216,0.023820985037417586,-0.16095784230014942,0.16271099018220203,-1.4238676564726729
217,-1.7219373416343728,0.1140274342786256,1.7257086846519076,3.075468763328853
218,-0.1945041329966415,-0.06491478923203431,0.205050695228801,-2.8194716108903264
219,1.094381283008076,-0.46795504290327017,1.1902320424089596,-0.40406895888681227
220,-0.28437930308949433,0.10239988643115794,0.3022537423536399,2.7959644261337506
221,1.0694810570410453,0.650902373216752,1.251983878022729,0.5467300994590266
222,0.08015107904859065,-0.012900502662944291,0.08118262401283947,-0.15958367969147472
223,-1.412111830765724,-0.5660873710189662,1.5213529288812935,-2.7603278980836947
224,-0.5607284376144435,0.06509734233026165,0.5644945037181479,3.0260158028762736
225,0.0460163489964458,0.06381853630551859,0.07867852280731695,0.9460821687822156
226,1.0023244373501399,-0.3333682321750189,1.05630897749322,-0.32108602938656366
227,0.7814673700290768,0.3459584973552978,0.8546218651032149,0.4167697808519559
228,0.23968821260771733,0.21679690925935802,0.32318932396892786,0.7352932578304815
229,-0.9618949480475152,-0.42963244281077095,1.053482760653862,-2.721526290739853
230,-1.0584584661744856,0.48371585306352927,1.1637505536503183,2.712932534876467
231,0.011473099076710014,-0.42284962121482295,0.42300524129606626,-1.5436701706249571
232,0.9360200984900047,0.026579669979469145,0.9363974068916762,0.028388844661049507
233,0.6682180567730711,0.2349331594210753,0.7083141681437324,0.33808310290788246
234,0.22922699048227457,0.1351396875068076,0.2660972534713547,0.5326967296941073
235,-0.8858863014548604,-0.39456289873169226,0.9697806041373107,-2.722580898459752
236,-0.7019133033962106,-0.03509014243098818,0.7027898715693105,-3.091642106370709
237,-0.20879559094721856,0.15161986134415883,0.2580391077976751,2.513521855052699
238,-0.07943238678748799,0.13945090729060894,0.16048694530998808,2.088569120151675
239,1.5841056193342808,-0.08768917560269074,1.5865308079972242,-0.05529919960061567
240,0.07495984261800004,0.07284299800670624,0.10452310923389309,0.7710770591279165
241,-0.12596835272468354,-0.10277033662168833,0.16257234690286482,-2.4572660210385417
242,-0.6866838487972444,-0.29768041237110765,0.7484305820237636,-2.732540881655356
243,-0.7757510137095096,0.28703832395888185,0.8271521230659181,2.787200887054561
244,0.05736048196777688,0.18195753876489107,0.1907846188898688,1.2654162445011747
245,1.5957896610539137,-0.005650743460194008,1.5957996657563938,-0.0035410179550728537
246,0.13464239186063764,0.3907694121076588,0.41331502165408746,1.2389785834150642
247,-0.092691290780337,-0.3748958364830628,0.38618462372142726,-1.8131807991959688
248,-1.1223272482879167,-0.4394968393057752,1.2053115464514945,-2.768353594166021
249,-0.47783202989184304,0.18459465697094402,0.5122486077802259,2.772937292787161
250,-0.2217566647089626,0.2438327717798643,0.32959132108824507,2.308814580676662
251,1.5157936409125767,-0.2835462634670307,1.5420858748322417,-0.1849240738150544
252,0.21480645713013757,0.4611982802412058,0.5087687762847161,1.1349161852523921
253,0.08747793432314666,-0.11908223925428274,0.1477598345263658,-0.9372236278441448
254,-0.025940522844223324,-0.10677465911487616,0.10988056495363353,-1.809125402852427
255,-1.5750448873470901,-0.17059644688907838,1.5842567799600498,-3.0337011345616895
256,-0.34524680921045103,0.1639145387251233,0.38218233250042777,2.698327948717392
257,1.1681087434115511,-0.2887750304079759,1.203274305643414,-0.24235660279144003
258,0.6429819845793787,0.25770725081576984,0.6927040202111278,0.3811959376491043
259,0.3321918532082577,0.02421313930784663,0.3330731202800338,0.07276035012038233
260,-0.40440364372986437,-0.147703492724645,0.4305329590461691,-2.7914079803967233
261,-1.4575625418349887,-0.19493318983990093,1.4705398708847144,-3.008642404623625
262,0.07898213626725692,0.13561225569515045,0.15693585232210774,1.0434099525219667
263,-0.06753192221678717,0.050878086388422616,0.08455258832727705,2.4959234748662333
264,1.5494600816207367,0.3017100481642956,1.5785612112615215,0.19231301103772608
265,0.32342805944024633,-0.022006281498363478,0.3241758566868741,-0.06793602229527643
266,-0.5861465391154184,-0.13018193438580283,0.6004290976938178,-2.9230421517793235
267,-1.3241740028657176,-0.04552594644127339,1.3249563772686221,-3.107225552738756
268,-0.2323894305494889,-0.19532186283350939,0.3035712066910628,-2.4426434144810787
269,0.2718508655593297,0.011822543954622233,0.2721078199003397,0.043461693788582
270,0.7563062807202101,-0.1643502873359921,0.7739574970269752,-0.2139797255908249
271,0.6240608551292297,0.5546617603097275,0.8349261160453127,0.7265895252249591
272,-0.11930240796341707,-0.27113925277279805,0.296225520406431,-1.9853067138329907
273,-1.148043096964102,-0.26160126970330566,1.1774710938266417,-2.9175509301913976
274,-0.24824360643400212,0.022677316686269933,0.24927725292823874,3.050494437090243
275,0.08951758721897818,0.092007928299779,0.12837000152498496,0.7991162616811303
276,0.7093233277540065,-0.1811557194072293,0.7320908263118509,-0.2500472989394569
277,0.6072059952004452,0.4846966355106588,0.7769362580564222,0.6736673747508083
278,0.20412852235308776,0.22207963968736522,0.3016418737538358,0.8274914771067052
279,-0.3595520567323831,-0.43806684916069116,0.5667276646097864,-2.2580741220174096
280,-1.2729355029901512,-0.0604239875730741,1.2743688057415012,-3.0941600337951547
281,-0.0792542872084141,0.0010161116173321716,0.07926080067557145,3.128772451882544
282,0.5446197540145903,0.041119528462900234,0.5461698381308914,0.07535837799253851
283,1.112686328515906,0.40721722692069307,1.1848614837048195,0.35083642591653563
284,-0.04277590270160658,-0.013284928412872432,0.04479137388909229,-2.8404666941022425
285,-0.38242490357738745,-0.33094698010427237,0.5057417429047277,-2.4282310389322666
286,-1.0553291813977523,-0.1289445855875897,1.0631774956525395,-3.020011061518543
287,0.11386230596582436,0.11862582909401453,0.1644284405086217,0.8058846140281954
288,-0.035188265653800954,-0.06023673924318018,0.06976158537743642,-2.0994919459820185
289,1.5093445181427967,0.3953945196434461,1.560274879824636,0.25620718452128155
290,0.04630649382808372,-0.11057133390499985,0.11987623305802249,-1.174194841211852
291,-0.793673681661275,-0.4334950202803043,0.9043427699548354,-2.6416808522738346
292,-0.39274327498156936,-0.018477281000002677,0.3931776824241194,-3.0945806033404035
293,-0.20988983840467768,0.09883253368957412,0.2319948576607734,2.701512764995648
294,-0.22114174280065413,0.08507727886797056,0.23694263818166855,2.7743291559103684
295,1.2096101589600323,-0.2131366002276991,1.2282442538094516,-0.174412408913024
296,0.4540185226381226,0.245165713128074,0.5159835712424384,0.49512594928364606
297,0.05785170218643998,0.14935977399511557,0.16017228703412006,1.2012587991561932
298,-0.7332696930435532,-0.4458719628950689,0.8581877708474343,-2.5952677571693927
299,-0.7448858207547175,0.19944400012423102,0.7711243707385881,2.87997809488692
300,-0.11966194428973154,-0.05133324278898499,0.13020784433524615,-2.7363510740634753
301,0.707953474007482,-0.16920803924659822,0.7278938671983305,-0.23460879507880036
302,0.8953662814532777,0.704925844296497,1.1395618561186571,0.6669516618954539
303,-0.2482630216197208,-0.5956472860754047,0.6453140454947103,-1.965697092460286
304,-0.10635807073238368,-0.0940811105741659,0.14199751609370906,-2.4173683674706976
305,-1.3483825299626062,0.28276104991857665,1.377711602063151,2.934884087755642
306,-0.013429561237614962,-0.29805370190587155,0.2983560998787003,-1.615823394275018
307,0.5190104539288001,0.12094228912650351,0.5329154610128495,0.22893927749255266
308,0.942689877213013,0.13221957103246496,0.951917128516918,0.13934873805037312
309,0.17263101271328196,0.0034024884410541745,0.17266454030287987,0.019707049758037658
310,-0.5214291672444631,-0.2031794020717257,0.5596161594159681,-2.7700328712240223
311,-0.36439073082976847,0.0804021591306423,0.37315561352808546,2.9244241565886075
312,-1.0045580436344466,0.07246781509633138,1.0071685297185884,3.0695783999074675
313,1.0874060008134734,-0.19475699732311114,1.1047090560919042,-0.17722334767855685
314,0.5749022547986442,0.07609307569163093,0.5799161652694098,0.1315933919189852
315,0.1386250649182159,0.172493304756415,0.2212935805877998,0.89383084381094
316,0.14429398148303108,-0.1406347431636732,0.20149164766048652,-0.772556224885335
317,-1.6540534456254647,0.0210440646823713,1.6541873091170263,3.1288706164652487
318,0.03934913998763534,0.08571282241285871,0.09431353425540143,1.1404162384931673
319,0.37674404045083065,0.01967392107502519,0.37725738585968527,0.052173530071574374
320,0.4556140996542979,-0.220288603930328,0.5060743787481929,-0.45035924539393135
321,0.8868495292770717,0.16951430069758544,0.9029048597277318,0.18886404295949782
322,0.02034147165993261,0.051984978568043516,0.055823054968460704,1.1978165535792646
323,-1.8184011107681357,-0.08244689959741436,1.8202692358263972,-3.0962833584692895
324,-0.12375952780571708,-0.0167391662018872,0.12488643003876947,-3.0071529327844897
325,-0.015149350273219397,0.037520693445458164,0.04046362873407104,1.9545397621644331
326,0.48512839533836427,-0.1008214063443802,0.4954942138318417,-0.20490735659305914
327,1.464706479278206,0.30588800070160005,1.4963062986610662,0.20588007997426316
328,-0.08460201287338975,0.1558887750517215,0.17736631802390054,2.068023481427663
329,-1.008081254165333,-0.708092131207934,1.2319181309154212,-2.52924723247412
330,-1.0070547242276575,0.40373174043565996,1.08496937091535,2.760307659756491
331,0.1339603036632866,-0.1470191318942966,0.1988969283335279,-0.8318408430712418
332,0.7016722369565969,-0.23589988131493556,0.7402652782078025,-0.3243253550916194
333,1.2436727996015975,0.4146242400735787,1.3109673119210363,0.3217987786736478
334,-0.1035075847923963,-0.36076180600480257,0.37531706699989265,-1.8502047320155843
335,-0.660890429510431,-0.030620478235334758,0.6615994056117663,-3.095293608584311
336,-0.7897811293956067,0.1209621692613041,0.7989906624872412,2.9896145597833033
337,-0.136876306369615,0.27968978461018423,0.31138641405925205,2.025916858066006
338,0.11891297924520927,-0.13830087267973568,0.18239360739057722,-0.8606324468970363
339,1.550196803346637,-0.09900648511529653,1.5533552115343796,-0.06378041653494135
340,-0.07222401521789834,-0.013299581080218559,0.07343832263269988,-2.9594891954045863
341,-0.1416845793991115,0.26526307953940886,0.3007308121996047,2.0613725483109495
342,-1.136681643967961,-0.11372615098304095,1.1423566856070497,-3.0418734925222832
343,-0.30442916056303204,-0.14020971281820493,0.3351654477562922,-2.709986883926986
344,0.3094354979947269,0.20638473092458298,0.37194755622003645,0.5882137748677704
345,0.8477908261223774,-0.28448232770898585,0.8942479967190232,-0.3237507099384717
346,0.5522610602918832,0.13275968434851393,0.567994201117434,0.23591652870921806
347,-0.5735133135023034,-0.12008916036916162,0.585951301050319,-2.935182748950736
348,-0.7629477388152992,-0.07327026920688695,0.7664579469958073,-3.045850507932005
349,-0.5983266725906304,0.2189762006574938,0.6371384336137371,2.790752391062919
350,-0.03149185722362802,-0.12966717302936104,0.1334365498385642,-1.8090502468100285
351,1.524998826089913,-0.2766856761839449,1.549895603897559,-0.17948097668935695
352,0.3250797956051059,0.5169768495827611,0.6106897219662161,1.0094625047525962
353,-0.334021477805436,-0.2407921702101703,0.4117659734240446,-2.5169848333132157
354,-0.9359235424438026,0.09599408739018145,0.9408335358151463,3.0393838956708796
355,-0.6616126236718998,0.027655272981348844,0.6621903638121652,3.09981717619758
356,0.13645334364295536,-0.18506533301712125,0.22993193009253945,-0.9354565278593776
357,1.1794094852251078,-0.014796406437767473,1.1795022965142652,-0.012544947634087611
358,0.31538688272361526,-0.01626642564258418,0.31580608353435047,-0.0515304411875133
359,0.12390902758519928,0.04897632471312363,0.13323711006891062,0.3764137997382728
360,-1.1480915110687704,-0.016027215918768434,1.1482033745980194,-3.1276336836227854
361,-0.5780669681442276,0.18708031775213385,0.6075857675667682,2.8285995806814346
362,0.04792081280322691,-0.08449475423100239,0.09713788031596846,-1.0548850075267417
363,1.0343441524720731,-0.15341289855206242,1.0456592863812364,-0.147245541555099
364,0.7487093155061473,0.35273462931434096,0.827639630420879,0.4402807951737931
365,-0.18190950951174045,-0.3521002226891028,0.3963150722197148,-2.0476681560338834
366,-0.6480285472489413,-0.1069548217716374,0.6567955023824205,-2.978020800343431
367,-1.0012807954240515,0.3263572469148244,1.0531250086760093,2.826510986311821
368,0.25431727695296047,0.005774631228518956,0.25438282906398024,0.022702504426059065
369,0.9148408575118054,-0.16211340537898877,0.9290934026116577,-0.1753833142079745
370,0.8097285841217143,0.3334341005305532,0.8756932564205204,0.39062441203063886
371,-0.0761478328632137,-0.08528634721369599,0.11433395589595874,-2.299646542188665
372,-0.10005974062485734,-0.2244613620807172,0.2457536464857532,-1.9901329625860078
373,-1.75880574062478,0.03936743828950284,1.7592462671417435,3.119213339614945
374,-0.09263354190835571,-0.19212360633639491,0.21328959936712605,-2.020067071042672
375,0.5708522128911966,0.05609522472627759,0.573601711294403,0.0979512868295251
376,0.6470144373248417,-0.07460949446891618,0.6513019720311682,-0.11480641642989667
377,0.6798133826027026,0.14715360557619306,0.6955576315445057,0.21317292114729836
378,0.28246798185514876,-0.029807588463938828,0.28403635877006345,-0.10513644583424761
379,-1.8373846733188515,0.16428880773821675,1.844714950905713,3.052415318282153
380,-0.06767644903790426,-0.035680341395902815,0.07650613384891586,-2.6564073360382445
381,0.042960789018877676,0.14944294413413672,0.1554954113297342,1.2908715819340477
382,0.3919953917317258,-0.5131233528002213,0.6457212729404611,-0.9184332262324091
383,1.2144442854944657,0.614866120261695,1.3612256493380634,0.4686702957877177
384,-0.0623685203403852,-0.4151928155873179,0.4198510526898481,-1.7198973176343597
385,-1.188130163494165,-0.019777432258933914,1.188294758143546,-3.124948344322328
386,0,0,0,0
388,0.48426249634110263,0.049188310436363736,0.486754204138085,0.10122648011688985
389,1.2330127584331763,-0.17592869495672403,1.2455004488831654,-0.14172538540573928
390,0.006975472699920715,0.2824857648900547,0.2825718750776634,1.5461081608314517
391,-1.7557455409597225,-0.368448566669656,1.793989060970237,-2.934741201365467
392,0.04955667342152026,0.014446342601900142,0.05161938294070056,0.28365114623964705
393,-0.407213990256011,0.13478849673140303,0.42894192230572903,2.821942093216273
394,1.4367000974413457,-0.09121756261947667,1.4395929333385222,-0.06340591820952528
395,0.4946986256160528,0.16949828274812262,0.5229305862549771,0.330093534111454
396,0.18616188227437647,0.09826171327847533,0.21050323206155316,0.4856624624038883
397,-0.46267532337246564,-0.23140147643528053,0.5173152792584453,-2.677834710235568
398,-1.1584481771299693,-0.03153380141384332,1.1588772841536572,-3.1143786469689214
399,-0.30977064799445486,-0.0580016771591545,0.31515400824387313,-2.9564951958738366
400,0.08976537572870313,0.2277454978070068,0.24479753767363877,1.1953451505516863
401,1.6408037203013492,-0.101676164864557,1.6439510001993103,-0.061888158220475005
402,-0.004308311333247161,0.09196032685326827,0.09206119302672608,1.6176117691986143
403,-0.47953811539758817,-0.4175527495374922,0.6358514785430559,-2.4251808161893824
404,0.1835180279944666,-0.1257014747385483,0.22244039055536594,-0.6005566916831292
405,-1.544250781867845,0.3252093264891869,1.578122803629363,2.9340320024613242
406,0.1742240841202829,0.16345751687759957,0.2388982865391507,0.7535251768590546
407,1.18553929562745,-0.39985591647814545,1.2511547368009315,-0.3252962356563344
408,0.5128588687180553,0.39365630495206005,0.6465210790463625,0.6546529063189699
409,-0.007935712851178778,-0.00869192358413784,0.011769667541985015,-2.310746659302079
410,-0.4304823344229476,-0.21059807523670315,0.4792354218373623,-2.6866108474525796
411,-1.3873783973536575,0.11477140230573468,1.392117556900576,3.0590552145766425
412,0.027314274295335395,0.15892373405614535,0.16125390794219294,1.40058893948118
413,1.2601097739174065,-0.2942804382728923,1.294016081303576,-0.22942370714053692
414,0.5599212473938167,0.09352917327908017,0.5676790550454682,0.1655117737521254
415,-0.16699448809524142,-0.06782704007247276,0.18024335332872765,-2.7557843649369107
416,0.11250562464847746,0.009214856754852008,0.11288236869660621,0.08172332022716486
417,-1.8210615784513493,0.2932239187605319,1.844517698219511,2.9819448389270864
418,0.00017267775645279926,-0.01449843119127081,0.014499459459427717,-1.5588867905103931
419,0.3659015674821404,-0.2160120026576351,0.4249060394699627,-0.5332977732895882
420,1.271000966764106,-0.03000724190769688,1.2713551400305891,-0.023604756640478248
421,0.17399916700249207,0.0780025599941041,0.19068327006634572,0.4214332446218884
422,-0.15041379982882574,-0.009251389964845202,0.15069804044919663,-3.080163779908648
423,-1.3165335977174237,0.23962316449058108,1.3381629104407518,2.961552829866186
424,-0.04628440213006968,0.11744568889434959,0.12623682394771482,1.9461992160302501
425,0.6365164580171125,-0.18701295337285728,0.6634207157271237,-0.28576544927839787
426,0.40828873880903416,-0.004556459352784259,0.40831416282086674,-0.01115943148825316
427,0.6940327634156063,-0.14676466161637336,0.7093809573097317,-0.20839631360612318
428,-0.3882333254586996,-0.015381132372624506,0.3885378929136575,-3.1019950933361753
429,-1.2233671757283275,0.35695672075451057,1.274380377729239,2.8576921062072556
430,-0.11094042444902641,-0.10127612190296986,0.1502152809957607,-2.401702864357896
431,1.0103692961992294,-0.01094994817378847,1.010428629873053,-0.010837145926770864
432,-0.0999608794323592,0.09035125099518382,0.13474244310270375,2.40664568229291
433,0.6761476681466121,0.08465582237545277,0.681426648585279,0.12455502065034625
434,0.30322588674304995,-0.11417218040492116,0.32400806343287636,-0.36010714002448363
435,-1.847678650600173,-0.10138788945619126,1.850458294588683,-3.0867745112512215
436,0,0,0,0
438,1.5744239717720774,0.37660380811274763,1.618839482831941,0.2347893715431759
439,0.28275648030826517,0.0037454697015277816,0.2827812859784102,0.01324549893875735
440,-0.2675589662398039,0.0026428653595189644,0.26757201862792207,3.13171528170449
441,-0.32855833957530933,-0.37715810871895883,0.5001987819626776,-2.287437188448713
442,-0.9822652648153536,-0.4324124926274635,1.0732313889572336,-2.726901752411036
443,0.19618056494293512,0.17167993536088488,0.2606929501671397,0.7188933397012615
444,-0.42195830773462717,0.5942965210331863,0.7288601843827242,2.188210919648247
445,1.729942441153412,0.06081250357061663,1.7310109792529775,0.03513843667132982
446,0.021922740523379503,-0.6374146480605987,0.6377915334294367,-1.5364166610128989
447,-0.39291375947559004,0.14774565269448203,0.419773748911673,2.7819230846765186
448,-1.2054166769311365,0.05769904705073259,1.2067968118346464,3.0937626857784988
449,0.30051324608659513,0.03237633321970179,0.3022522754691115,0.10732283018683049
450,-0.26294871101744377,0.27790587666697775,0.38258816096656284,2.3285468474633273
451,1.3874301747139839,0.03531104431363019,1.3878794470548927,0.02544518911737687
452,0.34388734460934245,-0.6674097132723773,0.750795731975603,-1.095017964913781
453,-0.26266980324892586,0.343647140117298,0.4325376081332435,2.2234240716479503
454,-1.4761132815990976,-0.006883743291098199,1.476129332421436,-3.136929262591225
455,-0.054757986473717324,0.06043848378646999,0.08155518012403139,2.306923017293977
456,0.01253457417007553,0.020501781222378668,0.02402995178762128,1.0220442431350079
457,1.923257994661796,0.16289072680996242,1.9301437000677413,0.0844935563843564
458,-0.3804244878071188,0.15486567620354208,0.4107385647699629,2.754992185362818
459,-0.2900522775146186,-0.505101330725438,0.5824583057970979,-2.0920635606735565
460,-0.25331401219798977,0.0005682854479687194,0.25331464964386424,3.139349254222841
461,-0.9949093975354089,0.3215402921161967,1.0455777679151559,2.829002781113081
462,-0.45949021864402084,-0.03571196625506445,0.46087591124220517,-3.0640277394513706
463,1.5673402633102853,-0.13542346891460966,1.573179906090343,-0.08618930455928957
464,0.014876367431853055,0.1521560041272778,0.1528815093461197,1.4733355914535142
465,0.26999230472060276,-0.17640925089193615,0.3225152219796717,-0.5787520081443489
466,-0.09787522103387403,-0.28359355111945206,0.3000081017722204,-1.903121567235864
467,-1.6483706430166762,0.6017690144079779,1.7547796794642796,2.791556915651685
468,0.15606843169010176,0.05312135404540186,0.16486125568436294,0.32807209301690365
469,1.153579487909198,-0.3707968377262887,1.2117078566191866,-0.31100097623319184
470,0.35717248791792144,-0.04712504383087435,0.36026789460280745,-0.13118147792005388
471,0.09759431540700803,-0.10047366982615813,0.14007001366494687,-0.7999343420227063
472,-0.004537929946323516,-0.16111729522759788,0.16118118882070165,-1.5989542632097524
473,-1.6868977747820253,0.4936175016887887,1.7576354401689873,2.8569215565575803
474,0.17849161551787063,-0.06352627715455128,0.18945934840829634,-0.34192676988210763
475,0.5685151334579501,-0.42667718942863075,0.7108184585035946,-0.6438284377610481
476,-0.41792202265656897,0.2589063508834215,0.49162110974725964,2.5869518494056605
477,1.4259610301648564,-0.08038168632504039,1.4282247984982182,-0.05631059079685068
478,-0.11653122146962858,-0.07083642703497617,0.13637200948979641,-2.5954027564881326
479,-1.365769223480143,0.264615999806324,1.3911675668872723,2.950215129557523
480,-0.36927417727605416,0.1674396906170159,0.40546204260920493,2.7158906738055366
481,1.3068703087387377,-0.4488659657210974,1.381807026702939,-0.3308423735681245
482,0.6715445159656213,0.20932519013575757,0.7034124481048595,0.30216234341431536
483,-0.04154045296402842,-0.14608127165479345,0.15187279927866681,-1.8478484191325262
484,-0.34807343180825967,0.025527816462954434,0.34900828549498003,3.068383406380321
485,-1.5125343782322318,0.33862182885661696,1.5499758024925951,2.921347248588266
486,-0.1760434780990039,-0.0125963263169524,0.17649355120762233,-3.0701620297060996
487,0.44189936029169985,-0.108139039995649,0.4549385635417096,-0.23999762067655261
488,0.23108166711971023,-0.37569885207011566,0.4410763701737231,-1.019368464924305
489,1.4702677081282616,0.26200763682606976,1.4934306596959608,0.17635279234778747
490,-0.18564195117060933,-0.12519768295072708,0.2239138089771635,-2.5482525146402493
491,-0.3383861666064263,-0.09669675714008008,0.3519310452233501,-2.8632520254954015
492,-1.2838701336953875,-0.008963093485760965,1.2839014203745733,-3.1346114584997515
493,-0.207722321286127,0.335162767150905,0.3943128748148464,2.1256226517324373
494,1.1209495220022205,-0.3514859140227031,1.1747638820773227,-0.30385106822923796
495,0.8338380280731741,0.15655805244693966,0.8484080862691834,0.1855951974388691
496,0.3085825247135716,0.13122577325879092,0.33532577909544864,0.4020852748804817
497,-1.1807486458353793,-0.2967928494960006,1.217478279130284,-2.8953345042835457
498,-0.8734603141529931,0.22678201445779678,0.9024206350044206,2.887565284822559
499,-0.11103795120459381,0.13572784472876265,0.1753609832386579,2.2564724184691713
500,-0.050566923404872455,-0.12121676496531109,0.13134122677700902,-1.9660086957098841
501,1.8458879907240515,0.10490283288163482,1.848866430720691,0.056769487885901894
502,0.13172705585822087,0.07609018168511739,0.1521240710536929,0.5238124327059269
503,-0.26134857959119984,-0.3063976610028476,0.40271901708555263,-2.277013174604369
504,-1.0964097234702024,0.007904081144033626,1.0964382135892279,3.1343837206035947
505,-0.32244164332399805,0.12778926955400038,0.34684104538336485,2.7642648614338463
506,0.044440704728671676,-0.09700074794312741,0.10669639796313236,-1.1411871660675024
507,1.3923805970926253,0.12631629725865423,1.398098542347124,0.09047200786288112
508,0.11256801712467279,-0.05485742123670434,0.12522338098023805,-0.4534578140449708
509,-0.7544274071953936,-0.3915215764631057,0.8499705039374718,-2.662888246698315
510,0.22046128134797982,0.20784669880276851,0.3029908031224742,0.7559545442897462
511,-1.3639897119026188,0.2257307236224051,1.3825419681743059,2.9775861573950064
512,0.11953773154250769,0.1231256134465184,0.17160765119571478,0.8001825161424955
513,1.7109223679297827,-0.2256768384793304,1.7257419808617047,-0.13114652105014526
514,0.1914205500521291,-0.03742813083579222,0.19504535872488954,-0.19309215456175544
515,0.014458069910801896,0.011932664524465508,0.018746313456225808,0.689995779511589
516,-0.9259856220710816,-0.35479584523562835,0.9916297010874734,-2.775691798136477
517,-0.6988416986373096,0.3331761046182464,0.7742002560338436,2.696713566463736
518,-0.2816180204624459,0.01776499545644583,0.2821777888366732,3.0785942442390746
519,1.7016751024150665,0.04739402777556734,1.702334969401768,0.027844198277603156
520,-0.07326683021823044,-0.0680565235977042,0.09999859406227607,-2.393045779832294
521,0.10009970176194827,-0.04932123928108467,0.1115909267685012,-0.45780758463756566
522,-0.4670882929735143,-0.10383618493489166,0.4784907801982652,-2.922844577923938
523,-1.3868932349042922,0.3493444995828554,1.4302148175753486,2.8948359848376644
524,0.2769752941216552,0.1292053747799855,0.3056294200920682,0.4364796153866378
525,1.3851846199126356,-0.2608671994718179,1.4095347200416108,-0.1861464195687666
526,0.2290733159607754,0.1117877253150823,0.2548942518308044,0.4540014195121829
527,-0.18180109374877418,-0.2251005406958484,0.2893473537287215,-2.2501808763228066
528,-0.8488769396894327,-0.09044740068367219,0.8536819027172413,-3.0354436556087263
529,-0.6878075843809768,0.04662708504929469,0.6893862184524642,3.0739053295915233
530,-0.06696268159183205,0.04160204474362672,0.0788335642529234,2.585678579413542
531,1.2495558448378432,0.3123972259388097,1.2880146878598395,0.2449848881841319
532,0.5578106505436153,-0.09502027111869893,0.5658458922563301,-0.16872547519303094
533,0.14944531517853932,0.08442920979922519,0.17164554668308332,0.5142490400853419
534,-0.33776549432370473,-0.29111967777191694,0.4459105245918304,-2.4302311488910404
535,-1.3830403128680473,0.0990991562043746,1.3865861494254748,3.0700617816989006
536,-0.2375454031639208,0.1455864139297205,0.27860944435755514,2.5917576177441424
537,0.9273416063003879,-0.22558082796501822,0.9543841808837606,-0.23862077425897327
538,0.6422116323276157,0.19653848279898511,0.6716123553939636,0.29698318050938555
539,0.311884123886216,0.07459861978600202,0.3206815566979944,0.23477609265895338
540,-0.012815988852437954,0.10867855495632739,0.10943161278927259,1.6881798468903921
541,-1.6045040424247645,-0.3500509811027541,1.6422450826622716,-2.926790715285182
542,-0.008355581762742759,0.15874704497872472,0.15896678909782108,1.6233823668704253
543,0.25161814948718586,-0.15723522372127263,0.29670626675221146,-0.5585246641791854
544,0.6685196381453977,-0.0852873829391001,0.6739380121900338,-0.12689102778625336
545,0.7520125478586124,0.21943836172118836,0.7833747932705525,0.28391833308304987
546,-0.43398432610960924,-0.2252773865408244,0.4889706496257988,-2.6627890983460323
547,-0.2634631914144592,0.011538514013125223,0.26371573812710347,3.0978250772483635
548,-0.972228044317788,0.31450679702368234,1.0218326162009541,2.8287264079689236
549,0.5912916598989,-0.27353162623603566,0.6514947257018484,-0.4332826893700634
550,0.5806036660822969,-0.06967870324024261,0.5847698168967385,-0.11943956045194988
551,0.5070117915237091,0.20773447762616115,0.547918397152984,0.3888602149417621
552,-0.05840048136506937,-0.08670942013526428,0.10454252610237419,-2.163528175053364
553,-1.3970588876536851,0.01906166903910389,1.3971889216561617,3.127949358748709
554,-0.3619658587026464,0.46069118279393706,0.5858802341523572,2.236757800147619
555,0.07910075706949726,-0.2927453984134445,0.30324379311242955,-1.3068950653854452
556,0.8805041472850661,-0.22524565390330054,0.9088581616448888,-0.25044352337374404
557,0.8554945708021364,0.21070315679656915,0.8810600325494121,0.24148760774394548
558,-0.026453440523013683,0.2484332245895189,0.24983765047616613,1.6768776970332429
559,-0.7347831231242736,-0.519339644383706,0.8997888109200156,-2.526322093945671
560,-0.9094826984538713,0.09140337177245783,0.9140641964098088,3.0414285836399073
561,-0.006065445257874558,0.27456662747033533,0.274633615106764,1.5928837120461439
562,0.343580998351527,-0.31696382727062655,0.4674547788035497,-0.7451241690776114
563,1.4101804031726175,0.36463363821462735,1.456559802963724,0.2530303274729853
564,0.052912226963897524,-0.27312992103361466,0.27820793936569743,-1.3794411677262468
565,-0.6334777645758862,-0.21332102717713042,0.6684309529397692,-2.816773958046599
566,-1.2186585437878676,0.27485570071848997,1.249269507578176,2.9197647182660713
567,0.3307960240636305,0.18733157698483183,0.3801567167260497,0.5152755135693006
568,-0.09118479421346137,-0.18915489469833346,0.20998628737155414,-2.019992578634185
569,1.5287922678774777,0.11396468788484526,1.5330341641355067,0.07440794225677667
570,0.024029002742324224,-0.07597185634364223,0.07968133990521016,-1.264464006046187
571,-0.2360340225155113,0.03809242085856113,0.23908804301285885,2.9815869653325997
572,-1.2054553393294611,-0.1815063691421983,1.219043533741552,-2.9921445177654866
573,-0.35797570066405626,0.2340318284856835,0.4276885537517627,2.562575540314515
574,-0.13698654474127636,-0.22370961510642928,0.26231909067244885,-2.120240628663614
575,1.754196734692286,0.08671972807820794,1.7563389465712582,0.04939536465638125
576,0.18720420679188976,0.011083114693349216,0.18753199852794872,0.059134317239007965
577,-0.5488531049078915,-0.19512334707718537,0.5825056663601108,-2.800016668538715
578,-1.1971062238509518,0.14123275337129826,1.2054086451521422,3.0241570408657705
579,0.0023821698041501804,0.28896377409222396,0.2889735930333387,1.5625526780915466
580,0.012430949660156898,-0.17905174488441844,0.17948274528658242,-1.5014809753374956
581,1.7102262652512934,0.1658334130113417,1.7182475372385604,0.0966635742974232
582,0.13856372347373735,-0.1263492277434466,0.18752075302288995,-0.7393232128824715
583,-0.3492347061471861,-0.1902249203837414,0.39768127981175094,-2.6428347644967767
584,-0.6621013963104048,0.13544818102758427,0.6758139305606751,2.9398037076665835
585,-0.8964270041192179,-0.0354791509352026,0.8971288334822592,-3.1020348951509567
586,0.5520848444803761,0.07677601548039092,0.5573977323760533,0.1381793957991143
587,0.8239877286500388,-0.245564955276393,0.8598010957342093,-0.28963943981851126
588,0.24971084229932217,0.36388188027814294,0.4413224756984327,0.9693640705066944
589,-0.5501925093480367,-0.15789278533947027,0.57240014762834,-2.8621256509189696
590,0.17183941788020718,0.001614370614163363,0.17184700093364547,0.009394370291399837
591,-1.2048512103049802,0.07075706818420713,1.2069270904538518,3.082933217252001
592,0.06517305874996282,0.04178096231953532,0.07741560824002183,0.5700770090770381
593,1.0765387784715301,-0.28950803079061416,1.114787262864639,-0.26270946757199426
594,0.42467006875754976,0.12720400094883644,0.44331199527638954,0.2910311109086999
595,-0.3804479802010974,0.10747410994338225,0.3953370080668097,2.8662731595707607
596,-0.35777758709937757,-0.0837322776532119,0.36744509270317827,-2.9116959162430174
597,-1.004263064637584,0.011565758213237132,1.0043296618931052,3.1300765007753646
598,0.2666183733719123,0.01238435587828235,0.2669058434916785,0.046416383433544296
599,1.0869851233546513,0.05158200473431407,1.0882083263818272,0.04741862300960716
600,0.00228514195062246,-0.12689766446771955,0.1269182379372501,-1.5527905187270705
601,0.685074419737461,-0.059111082860226816,0.68761986642005,-0.08607100158737686
602,-0.4426202670193078,-0.1479718131761274,0.46669943033056516,-2.818964511745844
603,-1.1602893442040028,0.33672310927789795,1.2081613363268708,2.8591450797431266
604,0.0314583979685068,0.003866806596420247,0.03169515729569854,0.12230460405977073
605,0.8482787913998493,-0.11862784872494103,0.8565334053216468,-0.1389442660412129
606,0.8001606680422526,-0.08779207855246796,0.8049624486511074,-0.10928095185589713
607,-0.05535817321622005,0.07503471097180636,0.09324556392911965,2.2064225773267987
608,-0.005740556491915072,0.012597897160219418,0.013844168508665761,1.9983601894266452
609,-1.8206766522240088,0.04200905781419806,1.8211612319869048,3.1185234253215266
610,0.06729817417826212,0.27101949924087876,0.2792500908084085,1.327404287606152
611,1.0619575332878952,-0.1833647098346205,1.0776717586165305,-0.17098081338011722
612,0.5708123665016558,-0.014753095320372722,0.5710029873588689,-0.025840035108008808
613,0.16494384322066935,0.18952867431465847,0.25125204437750676,0.854643375319131
614,-0.3030433605327829,-0.2763737222569489,0.41014352697216055,-2.402190420856817
615,-1.3493271895309817,0.12244714809412471,1.3548716428075254,3.051093712131368
616,-0.21125495089231094,0.10497063533773598,0.23589719913496357,2.6804355203665087
617,0.12312554849255264,-0.10785452932958606,0.16368414763958808,-0.7193802310837706
618,0.9240381715969335,-0.19976187557824687,0.9453842337921353,-0.2129071661731615
619,0.9043088221656319,0.03002299735305769,0.9048070657420034,0.03318774858555387
620,-0.23045852661250876,0.07499170093421981,0.24235281656588165,2.8269970631056327
621,-0.8110031427676461,-0.036397031368551325,0.8118194635948576,-3.0967437216223814
622,-0.8250216610970398,0.16018383514398238,0.8404282255616795,2.9498215016993337
623,0.3232508002081289,-0.20783896229443144,0.38430211303455225,-0.5714138190339577
624,-0.058066565891138566,0.07578619854308499,0.09547394390095046,2.224578260258854
625,1.4314140227890846,-0.0873033902885254,1.4340739125279074,-0.060915553765289246
626,-0.11024878989513809,0.17858662874931497,0.20987610545602362,2.1238688434167443
627,-0.4445089681868666,0.025542916324070575,0.445242252456897,3.0841925575298434
628,-1.0791466962747478,0.006489586167674588,1.079166209075011,3.135579098655517
629,-0.11285232498686071,0.07080647213672364,0.13322613764343935,2.5812507689111657
630,1.16021676316997,-0.35355397926451815,1.2128904953846318,-0.29579146225921443
631,0.8614186238516766,0.4736308858593361,0.9830403153271059,0.5027100839290658
632,0.02166389661479684,-0.03000989831730294,0.03701240891311275,-0.9455285378800656
633,-1.2944503727822934,-0.17359755580071123,1.3060390036197997,-3.0082789969205233
634,-0.37086683690706934,-0.060540241007402074,0.3757756398420327,-2.9797800329281983
635,-0.18649613403258058,0.02752174474738922,0.18851592623181393,2.995077399443978
636,0.5640884972750371,-0.36585850738327963,0.6723453578204662,-0.5753788132567095
637,1.174034855399853,0.38700388508345895,1.2361754927045936,0.31841906535482467
638,-0.1003551755483727,-0.07457133141525674,0.12502817573806616,-2.502538878579522
639,-0.6110735099893247,-0.2299534876897269,0.6529084477255159,-2.78167338999927
640,-1.16931944810851,0.25347207239076397,1.1964765201235081,2.9281263790646768
641,0.15927716570772077,0.007069919934451718,0.1594339966373681,0.04435841263103278
642,0.03366795950218204,-0.05966798135796125,0.06851130925894339,-1.057074657129814
643,1.7057316067450472,-0.2352772931903928,1.7218814474115338,-0.13706845722322553
644,-0.08022845435573345,0.5693695961486469,0.5749942103245764,1.7107822258253473
645,-0.4999256197948796,-0.3980411847696814,0.639032401447803,-2.4691725860185088
646,-0.5478824545559604,-0.007991724572036674,0.547940737372117,-3.127007120171777
647,-0.7155329967989417,0.19189039840358646,0.7408167077675566,2.879579549410302
648,-0.012331058407013984,-0.20326281644656774,0.20363650839480693,-1.6313876565391976
649,1.5338050347766625,0.09812397306285447,1.5369405319646816,0.06388715293103918
650,0.2878821168424395,-0.03847282465886792,0.2904415112116654,-0.13285371262667026
651,-0.2660741596691736,0.04750104400835653,0.27028097903023196,2.9649282284117326
652,-0.3656811721382809,-0.19409531374668632,0.4139996503317987,-2.6536273267704122
653,-1.2053610069706764,0.3139538994454938,1.2455770582755585,2.8867894416756936
654,-0.11888125107164171,-0.0020137764117293955,0.11889830592483289,-3.1246548790150825
655,1.8744073411467923,-0.12024992877678642,1.8782606118203644,-0.06406577813214377
656,-0.17957563915049946,0.1936087590538591,0.26406772191747646,2.31860848414409
657,0.2041048722955594,0.10314404047358039,0.2286864490519764,0.46791705111715676
658,-0.9711652125495931,-0.638641649864951,1.1623360215569003,-2.559890818101898
659,-0.7605290098745314,0.43960647710883904,0.8784407945768339,2.6174863060195768
660,-0.0933969866239579,-0.09118654456079867,0.13052962506409913,-2.3681692118442865
661,1.4122214759615588,-0.18267205775924822,1.423986860140585,-0.12863659605246808
662,0.3284904529475625,0.12362872310802686,0.35098438548604405,0.35995728249246145
663,-0.1247857174339373,0.11890997814191451,0.1723689594364746,2.3803007883224336
664,0.24311247482917508,-0.1661989887809341,0.29449240956155615,-0.5996547126629626
665,-1.8238478938857128,-0.013416560641303477,1.8238972405623055,-3.1342366023046453
666,0.13241146736363874,0.3044614119578455,0.3320083554080482,1.1605669497909255
667,0.7990231703533937,-0.0795500555116746,0.8029733732157617,-0.09923213324961558
668,0.46025138560514733,-0.39383717980416577,0.605754952227018,-0.7077940009161945
669,0.3894670223765644,0.38942405863372187,0.5507591660259752,0.7853430032552328
670,-0.209444991707727,-0.2744582305728045,0.3452456008128193,-2.2226424759168277
671,-1.4282452528618848,0.2380103213554321,1.4479410952777827,2.976464790833956
672,-0.02403669982345491,-0.030098761735928292,0.0385188057504261,-2.244679552293293
673,0.21988793913648408,-0.06063126355445547,0.2280939628703486,-0.26905136145438757
674,1.2067328372681771,-0.07192125735457466,1.2088741902285647,-0.059529564139655246
675,0.25334783674445305,0.10898646378996091,0.27579553236507387,0.40625426122402264
676,0.10081551828982072,-0.06616753956336652,0.12058985040174339,-0.5808073504436161
677,-0.9888155896210833,-0.1822336702621783,1.0054677423243945,-2.959342739735993
678,-0.9269384901616178,0.18463982041572535,0.9451491034891008,2.944973007730092
679,0.1590987422293466,0.043464913948298545,0.16492910150574724,0.2666869520999069
680,1.2735875089967692,-0.25156850602621716,1.2981956155745014,-0.1950169912600992
681,0.4586560978506782,0.456634953835362,0.6472100873440046,0.7831899688275613
682,-0.18219661425294476,-0.10852251442076977,0.21206777780097225,-2.604389565888889
683,-1.240277854502395,-0.22158523741097724,1.2599163360348746,-2.9648001553842023
684,-0.2771582886629034,0.16383444468175412,0.32196031158937594,2.6077264483119325
685,0.02344489209326639,-0.016100134972987235,0.028440768474380426,-0.6017591987322528
686,0.832564725097086,0.152160047490554,0.8463549500820056,0.18076563089475411
687,0.6857525385710801,-0.09276946310694711,0.6919990732955008,-0.13446493718776367
688,0.13943748928141986,-0.05992282627340728,0.15176810773577903,-0.40588441910793377
689,-0.4171458833983763,-0.3165761632857311,0.5236708462354245,-2.492413519013604
690,-1.1825228063274693,0.26945697758333154,1.2128343869848583,2.9175518016742736
691,0,0,0,0
693,1.5690447834661967,0.07876466105722102,1.5710204977510456,0.0501570131745929
694,0.21900005758563168,0.3123909338895601,0.3815090048726261,0.9593694602461592
695,-0.48039655596953423,-0.6340957792818358,0.7955239206274243,-2.219149322816458
696,-1.3114726405093364,0.36046247330648384,1.3601079668418823,2.8733629114609047
697,-0.27318107180175843,0.11983993018475303,0.29831109073824924,2.7281895823687896
698,0.2105097006722758,0.1178250549413633,0.24124070479308926,0.510269952152743
699,1.8636118948607105,-0.000851669242990738,1.8636120894668042,-0.0004569992207334052
700,0.08459641082956182,0.06999636992094338,0.10980002061636214,0.6912355227622252
701,-0.28424264350778117,-0.28691831711910254,0.4038762200065132,-2.3515099017438024
702,-1.3366924777719476,0.06641100818347923,1.3383412128975385,3.09195038590698
703,-0.5242802578865025,0.11736252805070535,0.5372557601366318,2.921368721685671
704,0.6102933022348509,-0.016347823271871675,0.6105122161582415,-0.02678042648223892
705,0.7573097028376168,-0.03036100138325537,0.7579180538930271,-0.04006914339974009
706,0.5269971039915902,-0.06225004822380242,0.53066092386701,-0.11757735628431282
707,-0.6416234594643839,-0.18622116078910267,0.6681010286331587,-2.8591190850049553
708,-0.4426671628623211,0.10550552691859139,0.45506662510773777,2.907617351572161
709,-0.683423408259415,0.2509106539976642,0.728027273696838,2.789732511391679
710,0.06292666537183322,-0.3002315065762673,0.3067551511480678,-1.3641931978739477
711,1.582902929477072,0.3021134440525657,1.611475788593921,0.1885922113530783
712,0.14642503059522483,0.08052578895899387,0.16710682892174378,0.5028013793926756
713,-0.24878342860890257,-0.33969312290969356,0.4210517926604055,-2.202922981870318
714,0,0,0,0
716,-0.11745565110281575,-0.01257309941524909,0.1181266811727652,-3.0349532298038113
717,1.857208755355316,-0.09619084511587062,1.859698104438607,-0.05174699457779564
718,0.08603640901623066,0.3330603956468394,0.3439934459038971,1.3180018371792217
719,-0.6617092735132672,-0.578171643902067,0.8787158883654457,-2.4234683439374014
720,0.18970938842495855,0.3277362134638224,0.3786828193517313,1.0460751261800956
721,-1.2225774635713265,0.1329096235847942,1.2297807212970733,3.033305273365459
722,0.0009113292246354376,0.11742070518232595,0.11742424164741445,1.563035251562117
723,1.1117759708450734,-0.3753907992732479,1.1734411197531445,-0.3256302218847697
724,0.34426440512982026,0.3023966119629904,0.4582157696610674,0.720743827586451
725,0.5486627518196059,-0.36561325440760584,0.659320761869959,-0.5877982718157719
726,-0.5885051558876029,-0.2250765659259173,0.630077597630082,-2.776302422472393
727,-1.2581378113901849,0.3469345593197204,1.305095529415396,2.872527048749949
728,-0.03411487472168062,-0.34987371204618967,0.3515329843105139,-1.667995318201258
729,1.0417623035523889,0.031814936139710426,1.0422479970066403,0.03053004575922991
730,0.8157386872384649,0.12265520987807577,0.8249084230190457,0.14924289537601668
731,0.42953562795695177,-0.27145118106892596,0.5081206543608395,-0.5635916811753604
732,-0.18812670754570604,0.10689118852201318,0.21637325221855905,2.6248934411364435
733,-2.1415504693951135,0.029133348689072136,2.1417486231984064,3.1279896346006852
734,1.3463075006989982,-1.5891657236081187,2.082784574440981,-0.8679424000691683
735,0.13497390371290408,1.860954043818822,1.8658424123942317,1.4983936949589
736,0.9906429024325121,-0.35541219279929237,1.052469090724432,-0.3444655921270802
737,0.22901006020632053,-0.3525385508968384,0.42039152886820313,-0.9947003228848688
738,0.11152975267862075,0.1979773050745166,0.22723093772002645,1.0577643258917433
739,-2.5258679143803136,0.13440360493120806,2.529441252512985,3.088431928398556
740,0.19898828764804932,-0.3843145064022906,0.43277474331612636,-1.093030366322123
741,0.28100423038021916,0.19801548846197647,0.343763743234237,0.6138538856720966
742,0.8334992279406777,0.16368590853375053,0.8494198253103262,0.19391622688856539
743,0.8893437032635632,-0.01578742583183157,0.8894838196105336,-0.01774990675470127
744,-0.44600568123546225,0.05026221533353237,0.44882887383115533,3.029372006801916
745,-0.9521859995530093,0.12668053917832367,0.9605759401272105,3.009327573414919
746,-0.8010932071400418,0.27801892126888106,0.8479651213991235,2.8075488406862537
747,0.822183105300212,-0.5366585399433461,0.9818286241168687,-0.5782876863741613
748,0.07350914392472419,0.4183009888601532,0.42471085637398986,1.3968398634102899
749,2.1767628566796873,-0.5919126666800594,2.255805208611021,-0.2655036379494307
750,-0.48228305977339403,0.4396343790978676,0.6525912480482363,2.402422378094377
751,-0.727511856640831,-0.14394226034374924,0.741615045603753,-2.946259910260787
752,-1.1262719867674633,-0.4892839973147147,1.2279606745353837,-2.7317636505689054
753,-0.08719010815448769,0.42712275546722367,0.4359311450193769,1.7721633296277242
754,1.1351601832353424,-0.1336872470917001,1.1430052150527807,-0.11722951238126152
755,0.7795488886760893,0.30821925375494175,0.8382693947779432,0.37651863152196247
756,0.26903170897449513,-0.1238880702974825,0.29618628326742513,-0.4315481759409867
757,-1.0676410068164728,0.18152570358302,1.0829630189888304,2.9731781610621506
758,-1.0881001119458915,-0.5719180377563475,1.2292485898009942,-2.6576663236548943
759,0.38300575815371474,0.1381399776149692,0.40715606859577325,0.3461515664937728
760,0.5281716395022329,-0.1414230262920455,0.546777608484544,-0.2616224861525574
761,1.4429045184434557,0.7698614141611415,1.635438793216895,0.490125838859393
762,0.15577146477575354,0.15462302878160017,0.21948355352504065,0.7816982564160004
763,-0.4652166828741855,-0.2528600171410744,0.5294948066724026,-2.6437290635386366
764,-1.7455739745069678,-0.5260476302547659,1.8231167296069408,-2.8488878548477077
765,-0.024860042304254648,0.1291012640827489,0.1314730318017083,1.7610301751597979
766,1.438856639531906,-0.23711785980918876,1.45826379937429,-0.1633280467875492
767,0.22450674806255222,0.9750490226493298,1.0005617804488813,1.3444888462739752
768,0.1395800091977577,-0.0402529485110108,0.14526829947196399,-0.2807681725297225
769,0.09932517037225352,-0.2149872295266846,0.2368227149769138,-1.1380040274009406
770,-0.5267355019922348,-0.6826925145292648,0.8622756858762181,-2.227951141552575
771,0,0,0,0
773,0.8309156262490802,1.1494797833316284,1.4183527594477434,0.9448907396988373
774,-1.181648151496134,-0.4856808715517218,1.2775673222673904,-2.7516226321688344
775,0.7278724161636916,0.9911701045729728,1.2297220947885616,0.9373823264798306
776,-1.6618361957747965,-0.8264999952180005,1.8560177218126455,-2.6800741590361556
777,-1.248292061336528,-0.14979722139719343,1.2572478983613844,-3.022162010685869
778,0.1671396313065543,-0.1668941343835968,0.23619760465538378,-0.7846632171016783
779,2.8152574999661084,0.6044529046776006,2.879416278534351,0.21149521013056954
780,0.10222181020364474,0.7558385039492919,0.7627195700476117,1.4363690294630407
781,-0.726825675353652,-0.7265865457520704,1.027717651313442,-2.356359019976773
782,-0.09090879591633438,0.016381192967799052,0.0923729000194646,2.9633120934912314
783,-2.1446378010459313,-0.3390207610423204,2.1712683791030627,-2.9848116547532526
784,0,0,0,0
786,-0.32278907320771566,-0.30612370426729285,0.4448645952383995,-2.3826869872099583
787,-0.15846995052376656,0.2874382475515631,0.32822777361844124,2.0746510635066198
788,-0.5649839973473973,-0.029832036271443485,0.5657710381830663,-3.0888400822897184
789,-0.7421289155870028,0.7334303973696592,1.0433961257049773,2.3620894870115383
790,0.37711000038780185,0.1638126977572938,0.4111527117009085,0.4097968451283246
791,0.9850570241007119,-1.3843634297128347,1.6990583998957873,-0.9523543298609417
792,0.07226714059301287,0.34991162639255435,0.3572963558366819,1.3671301728264085
793,-0.5418310693127921,-0.4416106567366569,0.6989999140314862,-2.4577517246351044
794,0.011232872513090797,0.29343766433350993,0.2936525843141875,1.5325347404618643
795,-1.2316034758102177,0.0257213313475404,1.2318720341472564,3.120711263354325
796,0,0,0,0
798,0.49993548034822766,-0.10026416603233201,0.509890564240183,-0.19792839862575778
799,-0.21144923450272302,-0.5118968314758376,0.5538493882336512,-1.96251893968969
800,-0.7940247625819268,0.5714132082042624,0.9782578280308177,2.517805713827191
801,-0.6724048468668258,-0.48957191381867915,0.8317505256325863,-2.5122613843069512
802,-0.2264408864106855,0.30304847672806545,0.3783039178830399,2.212509515250391
803,0.13027325224575748,-0.3256589104326508,0.3507489788935501,-1.1902643041348004
804,1.0672185704438988,-0.12454856913552703,1.0744616434168444,-0.11617835990063952
805,0.2703790159836217,0.8249351367678628,0.8681145040595072,1.2540720185368668
806,-0.7496154223298248,-3.9440134219561287,4.014618930105922,-1.758620154098626
807,-0.7197607586525692,3.704965144467792,3.7742313484227976,1.7626755158739433
808,-0.9012697845608244,-2.6902927546291835,2.8372455533796495,-1.8940533865183269
809,0,0,0,0
811,0.46515694754522485,-0.2512916955739115,0.5286950937109238,-0.4953112498276952
812,-0.2618329553236123,0.045184278714828,0.265703058952049,2.97070661790748
813,-1.7606147360783098,-0.15692489276216293,1.767594317388612,-3.052696822532097
814,0,0,0,0
816,-0.795561847390232,-1.5430094834589454,1.7360290663082805,-2.046838820668205
817,1.5540301616435528,1.7733342968489865,2.357906756358015,0.8512122358921441
818,0.12262128405339467,0.11374567824577753,0.16725447265318572,0.7478656855924756
819,-1.6761164333587573,-0.23767940431525858,1.6928844607388118,-3.0007281878083405
820,0,0,0,0
823,0.6376276982818609,-0.015868494071241912,0.6378251255009582,-0.024881634334897245
824,-0.017150613167572715,-0.044988531572016655,0.048146770452752674,-1.9350106182344529
825,-1.5103152914321072,0.17162417748494363,1.520035242299018,3.028443345517159
826,-0.004623780744182682,-0.02176645687399059,0.02225214581152943,-1.780111767626608
827,-0.2809503789576553,-0.01027760736747041,0.281138301641114,-3.1050273834335114
828,0.9889245444578734,-0.17611385661416534,1.0044838700162024,-0.17623862430844744
829,0.9687496110580156,0.1279636789676033,0.9771645266074594,0.1313312834737648
830,-0.12665239572456244,-0.14818826009667418,0.19493739962677947,-2.2779966347215215
831,-1.2899046797296734,-0.033263062349362826,1.2903334894922975,-3.115811142202871
832,0,0,0,0
834,0,0,0,0
836,0.24305069508260146,0.08372120280000672,0.25706590629333864,0.33173076173512867
837,-1.1132205085598343,-0.09706223344443288,1.1174439484105847,-3.0546221144934145
838,0.21205556769098166,0.00782759666066113,0.21219998835585854,0.036896198690250126
839,-0.8645745993046035,0.11250718238727586,0.8718641544710044,3.0121897100411155
840,0.1768000016019613,0.1009224851768522,0.2035769844081729,0.5186936590795759
841,1.6348496877177467,-0.15178798508321734,1.6418809621426387,-0.09257981259862197
842,0.10605820005179112,-0.053309192644803716,0.11870219803637395,-0.4657581229127352
843,-0.5300555930938629,-0.27317585867041316,0.5963086294280875,-2.6657231356683035
844,0,0,0,0
848,0,0,0,0
850,0,0,0,0
852,-0.17383643318954967,-0.021979141415613412,0.17522039881655416,-3.0158242391021615
853,0,0,0,0
855,0,0,0,0
858,-0.1595353716191994,0.12068576332342218,0.20004146636793363,2.4939554521088185
859,1.6569952981184741,-0.26812639964333584,1.6785485349469131,-0.1604242819693591
860,0.08108632610591826,0.1643858090565118,0.1832967171024055,1.1125484797503045
861,0.29049835118867406,0.25883472345987,0.3890818758460558,0.7278217444993197
862,-0.5556741034356776,-0.5913185915699728,0.8114378509567695,-2.325128014867668
863,-1.4208633046819017,0.28700185916807186,1.4495594495423443,2.9422832303187207
864,-0.049175798977145746,0.06266675802311283,0.07965790460568258,2.2361499173308377
865,0.7568838255628663,-0.2910279060009202,0.8109071262912664,-0.36708030708309985
866,1.0116800128404009,0.009374251438941883,1.01172344292835,0.009265758980308082
867,0.09499070460422843,0.2505338802720303,0.2679374164340766,1.2083895380494978
868,0,0,0,0
870,-0.6518784782498273,-0.04174318769503316,0.6532136282444306,-3.077644735497336
871,1.5632645259763933,-0.057064521139921,1.5643057046974949,-0.036487231858609
872,-0.18911272284985614,0.05539760005279959,0.19705967633003066,2.8566307067531644
873,0.6495813590833848,0.07980553403518797,0.6544653278297169,0.12224428436467905
874,-0.3886485570257605,-0.21267308068632929,0.44303221116169395,-2.6408926068854606
875,-1.3404729704207767,0.20196797090846985,1.3556027610261,2.992048309971168
876,-0.14755057884187295,0.1428558103206683,0.20537515881660695,2.3723592846804116
877,-0.07475749738809156,-0.2867278315964086,0.29631323431076945,-1.825844611010566
878,1.5705172141473298,0.07023214071347184,1.5720867894369848,0.04468934147752547
879,0.5917644907298438,-0.09640327961227513,0.5995655133584268,-0.16148956327444217
880,-0.4148199366630365,0.056761044779364056,0.41868531865539615,3.0056042009408523
881,-1.4811945723335356,0.01781950751893646,1.481301757225226,3.1295627364965712
882,-0.10852274351189806,0.1828657448091917,0.21264304946075627,2.106390046666921
883,0.4112719633108668,-0.33854833846459087,0.532690909705347,-0.6887124993029278
884,0.7036643538035889,0.18632763549578613,0.7279158677781883,0.2588552784066092
885,0.8112742016647019,0.21677218526906472,0.8397356790044265,0.2610999271459472
886,-0.16234177719368859,-0.034992786534758125,0.16607030960371086,-2.9292907565968194
887,-1.2901579110888974,-0.4512979840540652,1.366812827696803,-2.805095503325226
888,-0.48646306308515364,0.35207601939129063,0.6005029851521194,2.5151064732680424
889,0.13956149090810754,0.13110513244805588,0.19148359067741566,0.754165614185927
890,1.4529606480046766,-0.25308297609717556,1.4748374952652827,-0.1724541240095521
891,0.2647404591848783,-0.0939203374774138,0.2809066402228533,-0.34091244007119714
892,-0.1512517912368736,0.3160878496846067,0.3504120903601948,2.0171061397563395
893,-1.2452014449010846,-0.12975171901655358,1.2519433481477904,-3.0377659645348354
894,-0.4239958890853188,0.06467673991221545,0.4289004484107266,2.9902185907119625
895,0.0534057579164795,-0.14468951905280392,0.1542310990117276,-1.2172030563920935
896,0.7842832070357701,-0.15683601140710834,0.7998110297516553,-0.19737026715118824
897,0.8468765514773651,0.3900203069611621,0.9323710276945939,0.43158412660453804
898,0.0013494035904244583,-0.11331255117721639,0.11332058570418323,-1.5588882037099774
899,-0.7857100350175301,-0.11772614203539433,0.7944807761335615,-2.992864976646924
900,-0.7419919947470959,0.13158961174428896,0.753570133556119,2.96607121754246
901,-0.13410663495376696,0.1856954404793214,0.2290576044435812,2.196257517378492
902,0.23552688933538946,-0.5846235682056999,0.630283771091696,-1.187818862733029
903,1.3270756238363504,0.519234776406222,1.4250384080473963,0.3729513323649861
904,0.20167608348170063,-0.0368845179363575,0.20502124356250345,-0.18089072311859195
905,-0.5940024352791795,-0.224662744982993,0.6350686908523275,-2.780003223318101
906,-1.0726538486230766,0.18605393411843352,1.0886699891917866,2.9698494013416514
907,-0.4881323688980359,0.05040155221865916,0.49072754765965443,3.0387034043303465
908,0.3203477547941702,-0.16542591787145966,0.36053906626783283,-0.4766772670043386
909,1.7119842607056341,0.19598418708136478,1.7231656654221499,0.11398160949820255
910,0.229513428454041,0.087054665150049,0.2454687934649033,0.36253603818143976
911,-1.323102640408223,-0.5203099731794509,1.4217324168932817,-2.76691884334603
912,0.39586160811562365,0.298250775667384,0.4956409365317637,0.6456874829363699
913,-1.1274679769282585,0.3337874268987093,1.1758393110261118,2.8537632062906306
914,0.869349878124055,-0.2580364164241473,0.9068362601899668,-0.28853257210534217
915,0.9849536569675479,-0.059558561456185544,0.9867527190823829,-0.06039485145321943
916,0.1174366583427684,0.08356459691736973,0.14413330836652086,0.6184500282800545
917,-0.7267773719418642,-0.3773426469862784,0.8188973205483908,-2.662703469020299
918,-0.8166100738166477,0.22244445888060227,0.8463649035407333,2.8756453878797266
919,-0.2938678186802406,0.13701860154128553,0.3242412558947617,2.7053000676962737
920,-0.1213010551692264,-0.13351102923110147,0.18038608846448148,-2.30831355131985
921,0.25264585579495247,0.23330014708847102,0.3438878990046991,0.7456087667074697
922,-0.0027591224315273166,-0.04380231484861952,0.043889127841525294,-1.6337035476833865
923,0.18464416034397857,0.07570493149484037,0.1995612753060356,0.38910105960510094
924,0.06507112393069292,-0.10161572445286993,0.12066485248689936,-1.001224445492652
925,0.04832799367719076,0.2609982895195344,0.2654349300770064,1.3877041164568067
926,-0.0663073349871155,-0.24562782722892962,0.2544203061516483,-1.834461948957378
927,0.25722722906186846,0.11305771073733695,0.2809766775517397,0.41410856530655904
928,0.3131809772150831,-0.1337842422567519,0.3405591695515005,-0.4037145764598283
929,0.08673923996110489,0.13291495344714122,0.1587138324119415,0.9926010950892661
930,-0.1516098008113147,-0.08202690114876532,0.17237733091713608,-2.645654871514181
931,0.16377596521185467,0.07820158600867444,0.18148844270461614,0.4454789878353726
932,0.039599376374397366,0.024357672433154676,0.046490932617038815,0.5514502778258382
